22.398843 113.803537
22.398675 113.813241
22.398505 113.822944
22.408202 113.784309
22.408035 113.794014
22.407866 113.803718
22.407698 113.813423
22.407528 113.823127
22.417226 113.784489
22.417058 113.794195
22.416890 113.803900
22.416721 113.813604
22.426081 113.794375
22.425913 113.804081
22.442591 113.882095
22.442417 113.891801
22.451613 113.882282
22.451440 113.891988
22.460809 113.872761
22.460636 113.882468
22.460462 113.892176
22.448546 114.493827
22.448335 114.503527
22.448124 114.513228
22.469832 113.872947
22.469658 113.882655
22.469485 113.892363
22.469310 113.902071
22.469135 113.911779
22.457563 114.494053
22.457352 114.503754
22.457141 114.513455
22.456929 114.523156
22.478854 113.873134
22.478681 113.882842
22.478507 113.892551
22.478332 113.902259
22.478157 113.911967
22.477981 113.921676
22.477805 113.931384
22.466790 114.484577
22.466580 114.494279
22.466369 114.503981
22.466158 114.513683
22.465946 114.523384
22.465734 114.533086
22.488050 113.863611
22.487877 113.873320
22.487704 113.883029
22.487529 113.892738
22.487355 113.902447
22.487180 113.912156
22.487004 113.921865
22.486827 113.931574
22.486650 113.941283
22.486473 113.950991
22.475808 114.484803
22.475597 114.494506
22.475387 114.504208
22.475175 114.513910
22.474963 114.523613
22.474751 114.533315
22.474324 114.552719
22.474110 114.562421
22.497073 113.863796
22.496900 113.873506
22.496726 113.883216
22.496552 113.892926
22.496377 113.902636
22.496202 113.912345
22.496026 113.922055
22.495849 113.931764
22.495672 113.941473
22.495495 113.951183
22.484825 114.485029
22.484615 114.494732
22.484404 114.504435
22.484192 114.514138
22.483980 114.523841
22.483767 114.533544
22.483554 114.543247
22.483340 114.552949
22.483126 114.562652
22.482911 114.572354
22.482696 114.582056
22.506095 113.863982
22.505922 113.873693
22.505749 113.883403
22.505574 113.893114
22.505400 113.902824
22.505224 113.912534
22.505048 113.922244
22.504872 113.931954
22.504694 113.941664
22.504517 113.951374
22.503074 114.029049
22.502891 114.038758
22.502707 114.048467
22.502523 114.058176
22.494052 114.475551
22.493842 114.485255
22.493632 114.494959
22.493421 114.504663
22.493209 114.514366
22.492997 114.524070
22.492784 114.533773
22.492571 114.543476
22.492357 114.553180
22.492143 114.562883
22.491927 114.572586
22.491712 114.582288
22.491496 114.591991
22.491279 114.601694
22.515118 113.864168
22.514945 113.873879
22.514771 113.883591
22.514597 113.893302
22.514422 113.903013
22.514246 113.912723
22.514070 113.922434
22.513894 113.932145
22.513716 113.941855
22.513539 113.951566
22.512095 114.029246
22.511912 114.038955
22.511728 114.048665
22.511544 114.058374
22.511359 114.068083
22.511174 114.077793
22.503069 114.475777
22.502859 114.485481
22.502649 114.495186
22.502438 114.504890
22.502226 114.514594
22.502014 114.524298
22.501801 114.534002
22.501588 114.543706
22.501374 114.553410
22.501159 114.563114
22.500944 114.572817
22.500728 114.582521
22.500512 114.592224
22.500295 114.601927
22.500077 114.611630
22.524313 113.854642
22.524141 113.864354
22.523967 113.874066
22.523794 113.883778
22.523619 113.893490
22.523444 113.903201
22.523269 113.912913
22.523093 113.922624
22.522916 113.932335
22.522738 113.942046
22.522561 113.951758
22.522382 113.961469
22.522203 113.971179
22.522023 113.980890
22.521843 113.990601
22.521662 114.000311
22.521481 114.010022
22.521299 114.019732
22.521116 114.029443
22.520933 114.039153
22.520749 114.048863
22.520565 114.058573
22.520380 114.068283
22.520195 114.077993
22.520009 114.087702
22.512086 114.476002
22.511876 114.485707
22.511666 114.495413
22.511455 114.505118
22.511243 114.514822
22.511031 114.524527
22.510818 114.534232
22.510604 114.543936
22.510390 114.553641
22.510175 114.563345
22.509960 114.573049
22.509744 114.582753
22.509528 114.592457
22.509311 114.602161
22.509093 114.611865
22.508875 114.621568
22.533336 113.854828
22.533163 113.864541
22.532990 113.874253
22.532816 113.883965
22.532642 113.893678
22.532467 113.903390
22.532291 113.913102
22.532115 113.922814
22.531938 113.932526
22.531760 113.942238
22.531582 113.951949
22.531404 113.961661
22.531225 113.971373
22.531045 113.981084
22.530865 113.990795
22.530684 114.000506
22.530502 114.010218
22.530320 114.019929
22.530138 114.029640
22.529954 114.039350
22.529770 114.049061
22.529586 114.058772
22.529401 114.068482
22.529215 114.078193
22.529029 114.087903
22.528843 114.097613
22.528655 114.107323
22.528467 114.117033
22.521104 114.476228
22.520894 114.485934
22.520683 114.495640
22.520472 114.505345
22.520260 114.515051
22.520047 114.524756
22.519834 114.534461
22.519621 114.544167
22.519407 114.553872
22.519192 114.563577
22.518977 114.573281
22.518761 114.582986
22.518544 114.592691
22.518327 114.602395
22.518109 114.612099
22.517891 114.621804
22.542531 113.845300
22.542359 113.855014
22.542186 113.864727
22.542013 113.874440
22.541839 113.884153
22.541664 113.893866
22.541489 113.903579
22.541313 113.913291
22.541137 113.923004
22.540960 113.932717
22.540782 113.942429
22.540604 113.952141
22.540426 113.961854
22.540247 113.971566
22.540067 113.981278
22.539886 113.990990
22.539705 114.000702
22.539524 114.010413
22.539342 114.020125
22.539159 114.029836
22.538976 114.039548
22.538792 114.049259
22.538607 114.058971
22.538422 114.068682
22.538236 114.078393
22.538050 114.088104
22.537863 114.097814
22.537676 114.107525
22.537488 114.117236
22.537299 114.126946
22.537110 114.136657
22.536920 114.146367
22.529911 114.486160
22.529700 114.495867
22.529489 114.505573
22.529277 114.515279
22.529064 114.524985
22.528851 114.534691
22.528637 114.544397
22.528423 114.554102
22.528208 114.563808
22.527993 114.573513
22.527777 114.583219
22.527560 114.592924
22.527343 114.602629
22.527125 114.612334
22.526907 114.622039
22.551554 113.845485
22.551381 113.855199
22.551209 113.864913
22.551035 113.874627
22.550861 113.884341
22.550686 113.894054
22.550511 113.903768
22.550335 113.913481
22.550159 113.923194
22.549982 113.932907
22.549804 113.942620
22.549626 113.952333
22.549448 113.962046
22.549268 113.971759
22.549088 113.981472
22.548908 113.991184
22.548727 114.000897
22.548545 114.010609
22.548363 114.020321
22.548180 114.030034
22.547997 114.039746
22.547813 114.049458
22.547628 114.059170
22.547443 114.068881
22.547257 114.078593
22.547071 114.088305
22.546884 114.098016
22.546696 114.107727
22.546508 114.117439
22.546320 114.127150
22.546130 114.136861
22.545941 114.146572
22.545750 114.156283
22.544401 114.224256
22.544206 114.233966
22.539138 114.476680
22.538928 114.486387
22.538717 114.496094
22.538506 114.505801
22.538294 114.515508
22.538081 114.525214
22.537868 114.534921
22.537654 114.544627
22.537440 114.554334
22.537225 114.564040
22.537009 114.573746
22.536793 114.583452
22.536576 114.593158
22.536359 114.602863
22.560748 113.835956
22.560576 113.845671
22.560404 113.855385
22.560231 113.865100
22.560058 113.874814
22.559883 113.884528
22.559709 113.894243
22.559533 113.903957
22.559358 113.913671
22.559181 113.923384
22.559004 113.933098
22.558826 113.942812
22.558648 113.952526
22.558469 113.962239
22.558290 113.971952
22.558110 113.981666
22.557929 113.991379
22.557748 114.001092
22.557567 114.010805
22.557384 114.020518
22.557201 114.030231
22.557018 114.039943
22.556834 114.049656
22.556649 114.059369
22.556464 114.069081
22.556278 114.078793
22.556092 114.088505
22.555905 114.098218
22.555717 114.107930
22.555529 114.117641
22.555340 114.127353
22.555151 114.137065
22.554961 114.146776
22.554770 114.156488
22.554579 114.166199
22.554388 114.175911
22.554195 114.185622
22.554003 114.195333
22.553809 114.205044
22.553615 114.214755
22.553420 114.224465
22.553225 114.234176
22.553029 114.243886
22.548365 114.467198
22.548156 114.476906
22.547945 114.486614
22.547734 114.496321
22.547523 114.506029
22.547311 114.515736
22.547098 114.525444
22.546885 114.535151
22.546671 114.544858
22.546456 114.554565
22.546241 114.564271
22.546025 114.573978
22.545809 114.583685
22.545592 114.593391
22.545375 114.603098
22.569942 113.826425
22.569771 113.836141
22.569599 113.845856
22.569427 113.855571
22.569254 113.865286
22.569080 113.875001
22.568906 113.884716
22.568731 113.894431
22.568556 113.904146
22.568380 113.913860
22.568203 113.923575
22.568026 113.933289
22.567848 113.943004
22.567670 113.952718
22.567491 113.962432
22.567312 113.972146
22.567132 113.981860
22.566951 113.991574
22.566770 114.001287
22.566588 114.011001
22.566406 114.020715
22.566223 114.030428
22.566039 114.040141
22.565855 114.049855
22.565670 114.059568
22.565485 114.069281
22.565299 114.078994
22.565112 114.088707
22.564925 114.098419
22.564738 114.108132
22.564549 114.117844
22.564361 114.127557
22.564171 114.137269
22.563981 114.146981
22.563791 114.156693
22.563599 114.166405
22.563408 114.176117
22.563215 114.185829
22.563022 114.195541
22.562829 114.205252
22.562635 114.214964
22.562440 114.224675
22.562245 114.234386
22.562049 114.244098
22.561852 114.253809
22.557592 114.457715
22.557383 114.467424
22.557173 114.477132
22.556962 114.486841
22.556751 114.496549
22.556540 114.506257
22.556327 114.515965
22.556115 114.525673
22.555901 114.535381
22.555687 114.545088
22.555473 114.554796
22.555258 114.564503
22.578965 113.826609
22.578794 113.836325
22.578622 113.846041
22.578449 113.855757
22.578276 113.865473
22.578103 113.875189
22.577928 113.884904
22.577753 113.894620
22.577578 113.904335
22.577402 113.914050
22.577225 113.923765
22.577048 113.933480
22.576870 113.943195
22.576692 113.952910
22.576513 113.962625
22.576333 113.972340
22.576153 113.982054
22.575973 113.991769
22.575791 114.001483
22.575609 114.011197
22.575427 114.020911
22.575244 114.030625
22.575060 114.040339
22.574876 114.050053
22.574691 114.059767
22.574506 114.069481
22.574320 114.079194
22.574133 114.088908
22.573946 114.098621
22.573758 114.108334
22.573570 114.118047
22.573381 114.127761
22.573191 114.137473
22.573001 114.147186
22.572811 114.156899
22.572619 114.166612
22.572428 114.176324
22.572235 114.186037
22.572042 114.195749
22.571849 114.205461
22.571654 114.215173
22.571460 114.224885
22.571264 114.234597
22.571068 114.244309
22.570872 114.254021
22.570675 114.263732
22.570477 114.273444
22.570279 114.283155
22.570080 114.292866
22.569880 114.302577
22.567234 114.428812
22.567026 114.438521
22.566818 114.448231
22.566609 114.457940
22.566400 114.467649
22.566190 114.477359
22.565979 114.487068
22.565768 114.496776
22.565557 114.506485
22.565131 114.525902
22.564918 114.535611
22.564704 114.545319
22.588159 113.817077
22.587988 113.826794
22.587817 113.836510
22.587645 113.846227
22.587472 113.855943
22.587299 113.865660
22.587125 113.875376
22.586951 113.885092
22.586776 113.894808
22.586600 113.904524
22.586424 113.914240
22.586247 113.923956
22.586070 113.933672
22.585892 113.943387
22.585714 113.953103
22.585535 113.962818
22.585355 113.972533
22.585175 113.982248
22.584994 113.991964
22.584813 114.001679
22.584631 114.011393
22.584448 114.021108
22.584265 114.030823
22.584081 114.040538
22.583897 114.050252
22.583712 114.059966
22.583527 114.069681
22.583341 114.079395
22.583154 114.089109
22.582967 114.098823
22.582779 114.108537
22.582590 114.118251
22.582401 114.127964
22.582212 114.137678
22.582022 114.147391
22.581831 114.157105
22.581640 114.166818
22.581448 114.176531
22.581255 114.186244
22.581062 114.195957
22.580868 114.205670
22.580674 114.215383
22.580479 114.225095
22.580284 114.234808
22.580088 114.244520
22.579891 114.254233
22.579694 114.263945
22.579496 114.273657
22.579298 114.283369
22.579099 114.293081
22.578899 114.302792
22.576252 114.429035
22.576044 114.438745
22.575836 114.448456
22.575627 114.458165
22.575417 114.467875
22.575207 114.477585
22.574997 114.487295
22.574785 114.497004
22.573935 114.535841
22.573720 114.545550
22.597182 113.817261
22.597011 113.826978
22.596839 113.836695
22.596667 113.846413
22.596495 113.856130
22.596321 113.865847
22.596148 113.875563
22.595973 113.885280
22.595798 113.894997
22.595623 113.904714
22.595446 113.914430
22.595270 113.924146
22.595092 113.933863
22.594914 113.943579
22.594736 113.953295
22.594557 113.963011
22.594377 113.972727
22.594197 113.982443
22.594016 113.992159
22.593834 114.001874
22.593652 114.011590
22.593470 114.021305
22.593286 114.031021
22.593102 114.040736
22.592918 114.050451
22.592733 114.060166
22.592548 114.069881
22.592361 114.079596
22.592175 114.089310
22.591987 114.099025
22.591799 114.108739
22.591611 114.118454
22.591422 114.128168
22.591232 114.137882
22.591042 114.147597
22.590851 114.157310
22.590660 114.167024
22.590468 114.176738
22.590275 114.186452
22.590082 114.196165
22.589888 114.205879
22.589694 114.215592
22.589499 114.225306
22.589303 114.235019
22.589107 114.244732
22.588910 114.254445
22.588713 114.264157
22.588515 114.273870
22.588317 114.283583
22.588118 114.293295
22.587918 114.303008
22.585269 114.429259
22.585062 114.438969
22.584853 114.448680
22.584644 114.458391
22.584435 114.468101
22.584224 114.477812
22.584014 114.487522
22.583802 114.497232
22.583590 114.506942
22.606375 113.807726
22.606205 113.817444
22.606034 113.827162
22.605862 113.836880
22.605690 113.846598
22.605517 113.856316
22.605344 113.866034
22.605170 113.875751
22.604996 113.885468
22.604820 113.895186
22.604645 113.904903
22.604468 113.914620
22.604292 113.924337
22.604114 113.934054
22.603936 113.943771
22.603758 113.953488
22.603578 113.963204
22.603399 113.972921
22.603218 113.982637
22.603037 113.992354
22.602856 114.002070
22.602674 114.011786
22.602491 114.021502
22.602308 114.031218
22.602124 114.040934
22.601939 114.050650
22.601754 114.060365
22.601568 114.070081
22.601382 114.079796
22.601195 114.089512
22.601008 114.099227
22.600820 114.108942
22.600631 114.118657
22.600442 114.128372
22.600252 114.138087
22.600062 114.147802
22.599871 114.157516
22.599680 114.167231
22.599488 114.176945
22.599295 114.186660
22.599102 114.196374
22.598908 114.206088
22.598713 114.215802
22.598518 114.225516
22.598323 114.235230
22.598126 114.244943
22.597930 114.254657
22.597732 114.264370
22.597534 114.274084
22.597336 114.283797
22.597137 114.293510
22.596937 114.303223
22.596737 114.312936
22.596536 114.322649
22.596334 114.332361
22.596132 114.342074
22.594287 114.429482
22.594079 114.439194
22.593871 114.448905
22.593662 114.458616
22.593452 114.468327
22.593242 114.478038
22.593031 114.487749
22.592819 114.497460
22.592607 114.507171
22.592395 114.516881
22.592182 114.526592
22.591968 114.536302
22.591753 114.546012
22.591539 114.555722
22.615568 113.798191
22.615398 113.807910
22.615228 113.817628
22.615057 113.827347
22.614885 113.837066
22.614713 113.846784
22.614540 113.856502
22.614367 113.866221
22.614193 113.875939
22.614018 113.885657
22.613843 113.895375
22.613667 113.905093
22.613491 113.914810
22.613314 113.924528
22.613136 113.934246
22.612958 113.943963
22.612779 113.953681
22.612600 113.963398
22.612420 113.973115
22.612240 113.982832
22.612059 113.992549
22.611877 114.002266
22.611695 114.011983
22.611512 114.021699
22.611329 114.031416
22.611145 114.041132
22.610960 114.050849
22.610775 114.060565
22.610589 114.070281
22.610403 114.079997
22.610216 114.089713
22.610029 114.099429
22.609840 114.109145
22.609652 114.118861
22.609463 114.128576
22.609273 114.138292
22.609082 114.148007
22.608891 114.157722
22.608700 114.167438
22.608507 114.177153
22.608315 114.186868
22.608121 114.196582
22.607927 114.206297
22.607733 114.216012
22.607538 114.225726
22.607342 114.235441
22.607146 114.245155
22.606949 114.254869
22.606751 114.264583
22.606553 114.274297
22.606355 114.284011
22.606155 114.293725
22.605956 114.303438
22.605755 114.313152
22.605554 114.322865
22.605353 114.332579
22.605151 114.342292
22.604948 114.352005
22.604744 114.361718
22.604541 114.371431
22.603719 114.410281
22.603512 114.419994
22.603305 114.429706
22.603097 114.439418
22.602888 114.449130
22.602679 114.458842
22.602469 114.468554
22.602259 114.478265
22.602048 114.487977
22.601836 114.497688
22.601624 114.507399
22.601412 114.517111
22.601198 114.526822
22.600984 114.536533
22.600770 114.546243
22.600555 114.555954
22.624591 113.798374
22.624421 113.808093
22.624251 113.817812
22.624079 113.827532
22.623908 113.837251
22.623735 113.846970
22.623563 113.856689
22.623389 113.866408
22.623215 113.876127
22.623040 113.885845
22.622865 113.895564
22.622689 113.905282
22.622513 113.915001
22.622336 113.924719
22.622158 113.934437
22.621980 113.944155
22.621801 113.953873
22.621622 113.963591
22.621442 113.973309
22.621261 113.983027
22.621080 113.992744
22.620899 114.002462
22.620716 114.012179
22.620533 114.021897
22.620350 114.031614
22.620166 114.041331
22.619981 114.051048
22.619796 114.060765
22.619610 114.070482
22.619424 114.080198
22.619237 114.089915
22.619049 114.099632
22.618861 114.109348
22.618672 114.119064
22.618483 114.128781
22.618293 114.138497
22.618102 114.148213
22.617911 114.157928
22.617720 114.167644
22.617527 114.177360
22.617335 114.187076
22.617141 114.196791
22.616947 114.206506
22.616752 114.216222
22.616557 114.225937
22.616361 114.235652
22.616165 114.245367
22.615968 114.255082
22.615771 114.264796
22.615572 114.274511
22.615374 114.284225
22.615174 114.293940
22.614974 114.303654
22.614774 114.313368
22.614573 114.323082
22.614371 114.332796
22.614169 114.342510
22.613966 114.352224
22.613763 114.361937
22.613559 114.371651
22.613354 114.381364
22.613149 114.391078
22.612943 114.400791
22.612737 114.410504
22.612530 114.420217
22.612322 114.429930
22.612114 114.439642
22.611906 114.449355
22.611696 114.459067
22.611486 114.468780
22.611276 114.478492
22.611065 114.488204
22.610853 114.497916
22.610641 114.507628
22.610428 114.517340
22.610215 114.527052
22.610001 114.536763
22.609786 114.546475
22.609571 114.556186
22.609356 114.565897
22.633784 113.788836
22.633614 113.798556
22.633444 113.808276
22.633273 113.817996
22.633102 113.827716
22.632930 113.837436
22.632758 113.847156
22.632585 113.856875
22.632412 113.866595
22.632237 113.876314
22.632063 113.886034
22.631887 113.895753
22.631711 113.905472
22.631535 113.915191
22.631358 113.924910
22.631180 113.934629
22.631002 113.944348
22.630823 113.954066
22.630644 113.963785
22.630464 113.973503
22.630283 113.983222
22.630102 113.992940
22.629920 114.002658
22.629738 114.012376
22.629555 114.022094
22.629371 114.031812
22.629187 114.041530
22.629002 114.051247
22.628817 114.060965
22.628631 114.070682
22.628444 114.080400
22.628257 114.090117
22.628070 114.099834
22.627881 114.109551
22.627693 114.119268
22.627503 114.128985
22.627313 114.138702
22.627123 114.148418
22.626931 114.158135
22.626740 114.167851
22.626547 114.177567
22.626354 114.187284
22.626161 114.197000
22.625967 114.206716
22.625772 114.216432
22.625577 114.226147
22.625381 114.235863
22.625184 114.245579
22.624987 114.255294
22.624790 114.265009
22.624591 114.274725
22.624393 114.284440
22.624193 114.294155
22.623993 114.303870
22.623793 114.313585
22.623591 114.323299
22.623390 114.333014
22.623187 114.342728
22.622984 114.352443
22.622781 114.362157
22.622577 114.371871
22.622372 114.381585
22.622167 114.391299
22.621961 114.401013
22.621755 114.410726
22.621548 114.420440
22.621340 114.430154
22.621132 114.439867
22.620923 114.449580
22.620714 114.459293
22.620504 114.469006
22.620293 114.478719
22.620082 114.488432
22.619870 114.498145
22.619658 114.507857
22.619445 114.517570
22.619232 114.527282
22.619018 114.536994
22.618803 114.546706
22.618588 114.556418
22.618372 114.566130
22.618156 114.575842
22.642807 113.789018
22.642637 113.798739
22.642467 113.808460
22.642296 113.818181
22.642125 113.827901
22.641953 113.837622
22.641781 113.847342
22.641608 113.857062
22.641434 113.866782
22.641260 113.876502
22.641085 113.886222
22.640910 113.895942
22.640734 113.905662
22.640557 113.915382
22.640380 113.925101
22.640202 113.934821
22.640024 113.944540
22.639845 113.954259
22.639665 113.963978
22.639485 113.973698
22.639304 113.983417
22.639123 113.993135
22.638941 114.002854
22.638759 114.012573
22.638576 114.022292
22.638392 114.032010
22.638208 114.041728
22.638023 114.051447
22.637838 114.061165
22.637652 114.070883
22.637465 114.080601
22.637278 114.090319
22.637090 114.100037
22.636902 114.109754
22.636713 114.119472
22.636524 114.129189
22.636333 114.138907
22.636143 114.148624
22.635952 114.158341
22.635760 114.168058
22.635567 114.177775
22.635374 114.187492
22.635181 114.197209
22.634986 114.206925
22.634792 114.216642
22.634596 114.226358
22.634400 114.236074
22.634204 114.245791
22.634007 114.255507
22.633809 114.265223
22.633610 114.274939
22.633412 114.284654
22.633212 114.294370
22.633012 114.304086
22.632811 114.313801
22.632610 114.323516
22.632408 114.333232
22.632206 114.342947
22.632003 114.352662
22.631799 114.362376
22.631595 114.372091
22.631390 114.381806
22.631185 114.391520
22.630979 114.401235
22.630772 114.410949
22.630565 114.420663
22.630358 114.430378
22.630149 114.440092
22.629940 114.449805
22.629731 114.459519
22.629521 114.469233
22.629310 114.478946
22.629099 114.488660
22.628887 114.498373
22.628675 114.508086
22.628462 114.517799
22.628248 114.527512
22.628034 114.537225
22.627819 114.546938
22.627604 114.556650
22.627388 114.566363
22.627172 114.576075
22.651999 113.779479
22.651830 113.789201
22.651660 113.798922
22.651490 113.808644
22.651319 113.818365
22.651148 113.828086
22.650976 113.837807
22.650803 113.847528
22.650630 113.857249
22.650457 113.866970
22.650282 113.876690
22.650107 113.886411
22.649932 113.896132
22.649756 113.905852
22.649579 113.915572
22.649402 113.925292
22.649224 113.935013
22.649046 113.944733
22.648867 113.954452
22.648687 113.964172
22.648507 113.973892
22.648326 113.983612
22.648145 113.993331
22.647963 114.003051
22.647780 114.012770
22.647597 114.022489
22.647413 114.032208
22.647229 114.041927
22.647044 114.051646
22.646859 114.061365
22.646673 114.071084
22.646486 114.080802
22.646299 114.090521
22.646111 114.100239
22.645922 114.109957
22.645733 114.119676
22.645544 114.129394
22.645354 114.139112
22.645163 114.148830
22.644972 114.158547
22.644780 114.168265
22.644587 114.177983
22.644394 114.187700
22.644200 114.197418
22.644006 114.207135
22.643811 114.216852
22.643616 114.226569
22.643420 114.236286
22.643223 114.246003
22.643026 114.255719
22.642828 114.265436
22.642630 114.275153
22.642431 114.284869
22.642231 114.294585
22.642031 114.304301
22.641830 114.314018
22.641629 114.323733
22.641427 114.333449
22.641224 114.343165
22.641021 114.352881
22.640817 114.362596
22.640613 114.372312
22.640408 114.382027
22.640203 114.391742
22.639997 114.401457
22.639790 114.411172
22.639583 114.420887
22.639375 114.430602
22.639167 114.440316
22.638958 114.450031
22.638748 114.459745
22.638538 114.469459
22.638327 114.479174
22.638116 114.488888
22.637904 114.498602
22.637692 114.508315
22.637479 114.518029
22.637265 114.527743
22.637051 114.537456
22.636836 114.547169
22.636621 114.556883
22.636405 114.566596
22.636188 114.576309
22.635971 114.586022
22.661022 113.779661
22.660853 113.789383
22.660683 113.799105
22.660513 113.808827
22.660342 113.818549
22.660171 113.828271
22.659999 113.837993
22.659826 113.847714
22.659653 113.857436
22.659479 113.867157
22.659305 113.876879
22.659130 113.886600
22.658954 113.896321
22.658778 113.906042
22.658601 113.915763
22.658424 113.925484
22.658246 113.935204
22.658067 113.944925
22.657888 113.954646
22.657709 113.964366
22.657528 113.974086
22.657348 113.983807
22.657166 113.993527
22.656984 114.003247
22.656801 114.012967
22.656618 114.022687
22.656434 114.032406
22.656250 114.042126
22.656065 114.051846
22.655880 114.061565
22.655693 114.071284
22.655507 114.081004
22.655319 114.090723
22.655131 114.100442
22.654943 114.110161
22.654754 114.119880
22.654564 114.129598
22.654374 114.139317
22.654183 114.149036
22.653992 114.158754
22.653800 114.168472
22.653607 114.178190
22.653414 114.187909
22.653220 114.197627
22.653026 114.207344
22.652831 114.217062
22.652635 114.226780
22.652439 114.236497
22.652242 114.246215
22.652045 114.255932
22.651847 114.265650
22.651649 114.275367
22.651449 114.285084
22.651250 114.294801
22.651050 114.304517
22.650849 114.314234
22.650647 114.323951
22.650445 114.333667
22.650243 114.343384
22.650039 114.353100
22.649836 114.362816
22.649631 114.372532
22.649426 114.382248
22.649221 114.391964
22.649015 114.401679
22.648808 114.411395
22.648601 114.421111
22.648393 114.430826
22.648184 114.440541
22.647975 114.450256
22.647766 114.459971
22.647555 114.469686
22.647345 114.479401
22.647133 114.489116
22.646921 114.498830
22.646709 114.508545
22.646495 114.518259
22.646282 114.527973
22.646067 114.537687
22.645852 114.547401
22.645637 114.557115
22.645421 114.566829
22.645204 114.576542
22.644987 114.586256
22.670214 113.770120
22.670045 113.779843
22.669876 113.789566
22.669706 113.799289
22.669536 113.809011
22.669365 113.818734
22.669193 113.828456
22.669021 113.838178
22.668849 113.847901
22.668675 113.857623
22.668501 113.867345
22.668327 113.877067
22.668152 113.886789
22.667976 113.896510
22.667800 113.906232
22.667623 113.915954
22.667446 113.925675
22.667268 113.935397
22.667089 113.945118
22.666910 113.954839
22.666730 113.964560
22.666550 113.974281
22.666369 113.984002
22.666188 113.993723
22.666005 114.003443
22.665823 114.013164
22.665639 114.022884
22.665456 114.032605
22.665271 114.042325
22.665086 114.052045
22.664900 114.061765
22.664714 114.071485
22.664527 114.081205
22.664340 114.090925
22.664152 114.100645
22.663963 114.110364
22.663774 114.120084
22.663584 114.129803
22.663394 114.139522
22.663203 114.149242
22.663012 114.158961
22.662820 114.168680
22.662627 114.178398
22.662434 114.188117
22.662240 114.197836
22.662045 114.207554
22.661850 114.217273
22.661655 114.226991
22.661458 114.236709
22.661262 114.246427
22.661064 114.256145
22.660866 114.265863
22.660668 114.275581
22.660468 114.285299
22.660269 114.295016
22.660068 114.304734
22.659867 114.314451
22.659666 114.324168
22.659464 114.333885
22.659261 114.343602
22.659058 114.353319
22.658854 114.363036
22.658649 114.372753
22.658444 114.382469
22.658239 114.392186
22.658033 114.401902
22.657826 114.411618
22.657618 114.421334
22.657410 114.431050
22.657202 114.440766
22.656993 114.450482
22.656783 114.460198
22.656573 114.469913
22.656362 114.479628
22.656150 114.489344
22.655938 114.499059
22.655725 114.508774
22.655512 114.518489
22.655298 114.528204
22.655084 114.537919
22.654869 114.547633
22.654653 114.557348
22.654437 114.567062
22.654220 114.576776
22.654003 114.586490
22.653785 114.596204
22.679405 113.760578
22.679237 113.770302
22.679068 113.780025
22.678899 113.789748
22.678729 113.799472
22.678559 113.809195
22.678388 113.818918
22.678216 113.828641
22.678044 113.838364
22.677871 113.848087
22.677698 113.857810
22.677524 113.867533
22.677349 113.877255
22.677174 113.886978
22.676999 113.896700
22.676822 113.906422
22.676645 113.916145
22.676468 113.925867
22.676290 113.935589
22.676111 113.945311
22.675932 113.955032
22.675752 113.964754
22.675572 113.974476
22.675391 113.984197
22.675209 113.993919
22.675027 114.003640
22.674844 114.013361
22.674661 114.023082
22.674477 114.032803
22.674292 114.042524
22.674107 114.052245
22.673921 114.061966
22.673735 114.071686
22.673548 114.081407
22.673361 114.091127
22.673173 114.100848
22.672984 114.110568
22.672795 114.120288
22.672605 114.130008
22.672414 114.139728
22.672223 114.149448
22.672032 114.159167
22.671647 114.178606
22.671453 114.188326
22.671259 114.198045
22.671065 114.207764
22.670870 114.217483
22.670674 114.227202
22.670478 114.236921
22.670281 114.246640
22.670083 114.256358
22.669885 114.266077
22.669687 114.275795
22.669487 114.285514
22.669287 114.295232
22.669087 114.304950
22.668886 114.314668
22.668684 114.324386
22.668482 114.334103
22.668279 114.343821
22.668076 114.353539
22.667872 114.363256
22.667668 114.372973
22.667462 114.382690
22.667257 114.392408
22.667050 114.402124
22.666843 114.411841
22.666636 114.421558
22.666428 114.431275
22.666219 114.440991
22.666010 114.450708
22.665800 114.460424
22.665590 114.470140
22.665379 114.479856
22.665167 114.489572
22.664955 114.499288
22.664742 114.509004
22.663236 114.577010
22.663019 114.586725
22.688428 113.760759
22.688260 113.770483
22.688091 113.780207
22.687922 113.789931
22.687752 113.799655
22.687582 113.809379
22.687411 113.819103
22.687239 113.828827
22.687067 113.838550
22.686894 113.848274
22.686720 113.857997
22.686546 113.867720
22.686372 113.877444
22.686197 113.887167
22.686021 113.896890
22.685844 113.906613
22.685667 113.916336
22.685490 113.926058
22.685312 113.935781
22.685133 113.945503
22.684954 113.955226
22.684774 113.964948
22.684593 113.974671
22.684412 113.984393
22.684230 113.994115
22.684048 114.003837
22.683865 114.013559
22.683682 114.023280
22.683498 114.033002
22.683313 114.042724
22.683128 114.052445
22.682942 114.062166
22.682756 114.071888
22.682569 114.081609
22.682381 114.091330
22.682193 114.101051
22.682004 114.110772
22.681815 114.120492
22.681625 114.130213
22.681435 114.139933
22.681243 114.149654
22.681052 114.159374
22.680667 114.178814
22.680473 114.188534
22.680279 114.198254
22.680084 114.207974
22.679889 114.217694
22.679693 114.227413
22.679497 114.237133
22.679300 114.246852
22.679102 114.256572
22.678904 114.266291
22.678706 114.276010
22.678506 114.285729
22.678306 114.295447
22.678106 114.305166
22.677905 114.314885
22.677703 114.324603
22.677501 114.334322
22.677298 114.344040
22.677094 114.353758
22.676890 114.363476
22.676686 114.373194
22.676480 114.382912
22.676275 114.392630
22.676068 114.402347
22.675861 114.412065
22.675654 114.421782
22.675445 114.431499
22.675237 114.441216
22.675027 114.450933
22.674817 114.460650
22.674396 114.480084
22.674184 114.489800
22.673972 114.499517
22.697619 113.751215
22.697451 113.760940
22.697283 113.770665
22.697114 113.780389
22.696945 113.790114
22.696775 113.799839
22.696605 113.809563
22.696433 113.819288
22.696262 113.829012
22.696089 113.838736
22.695916 113.848460
22.695743 113.858184
22.695569 113.867908
22.695394 113.877632
22.695219 113.887356
22.695043 113.897080
22.694866 113.906803
22.694689 113.916527
22.694512 113.926250
22.694334 113.935973
22.694155 113.945696
22.693975 113.955420
22.693795 113.965143
22.693615 113.974865
22.693434 113.984588
22.693252 113.994311
22.693069 114.004033
22.692887 114.013756
22.692703 114.023478
22.692519 114.033201
22.692334 114.042923
22.692149 114.052645
22.691963 114.062367
22.691777 114.072089
22.691589 114.081811
22.691402 114.091532
22.691214 114.101254
22.691025 114.110975
22.690835 114.120697
22.690645 114.130418
22.690455 114.140139
22.690264 114.149860
22.690072 114.159581
22.689493 114.188743
22.689299 114.198464
22.689104 114.208184
22.688909 114.217905
22.688713 114.227625
22.688516 114.237345
22.688319 114.247065
22.688122 114.256785
22.687923 114.266505
22.687724 114.276224
22.687525 114.285944
22.687325 114.295663
22.687124 114.305383
22.686923 114.315102
22.686721 114.324821
22.686519 114.334540
22.686316 114.344259
22.686113 114.353978
22.685908 114.363696
22.685704 114.373415
22.685498 114.383133
22.685293 114.392852
22.685086 114.402570
22.684879 114.412288
22.684671 114.422006
22.684463 114.431724
22.684254 114.441442
22.706642 113.751395
22.706475 113.761121
22.706306 113.770846
22.706138 113.780572
22.705968 113.790297
22.705798 113.800022
22.705627 113.809747
22.705456 113.819472
22.705284 113.829197
22.705112 113.838922
22.704939 113.848647
22.704765 113.858372
22.704591 113.868096
22.704416 113.877821
22.704241 113.887545
22.704065 113.897270
22.703889 113.906994
22.703711 113.916718
22.703534 113.926442
22.703355 113.936166
22.703177 113.945890
22.702997 113.955613
22.702817 113.965337
22.702636 113.975060
22.702455 113.984784
22.702273 113.994507
22.702091 114.004230
22.701908 114.013954
22.701724 114.023677
22.701540 114.033399
22.701355 114.043122
22.701170 114.052845
22.700984 114.062568
22.700797 114.072290
22.700610 114.082013
22.700422 114.091735
22.700234 114.101457
22.700045 114.111179
22.699856 114.120901
22.699666 114.130623
22.699475 114.140345
22.699284 114.150067
22.698513 114.188952
22.698318 114.198673
22.698124 114.208395
22.697928 114.218115
22.697732 114.227836
22.697536 114.237557
22.697338 114.247278
22.697141 114.256998
22.696942 114.266719
22.696743 114.276439
22.696544 114.286159
22.696344 114.295879
22.696143 114.305599
22.695942 114.315319
22.695740 114.325039
22.695538 114.334758
22.695334 114.344478
22.695131 114.354197
22.694927 114.363917
22.694722 114.373636
22.694516 114.383355
22.694310 114.393074
22.694104 114.402793
22.693897 114.412512
22.693689 114.422230
22.693481 114.431949
22.693272 114.441667
22.715666 113.751576
22.715498 113.761302
22.715330 113.771028
22.715161 113.780754
22.714991 113.790480
22.714821 113.800206
22.714650 113.809932
22.714479 113.819657
22.714307 113.829383
22.714135 113.839108
22.713962 113.848834
22.713788 113.858559
22.713614 113.868284
22.713439 113.878010
22.713263 113.887735
22.713087 113.897460
22.712911 113.907184
22.712733 113.916909
22.712556 113.926634
22.712377 113.936358
22.712198 113.946083
22.712019 113.955807
22.711839 113.965531
22.711658 113.975256
22.711477 113.984980
22.711295 113.994704
22.711112 114.004427
22.710929 114.014151
22.710745 114.023875
22.710561 114.033598
22.710376 114.043322
22.710191 114.053045
22.710005 114.062768
22.709818 114.072492
22.709631 114.082215
22.709443 114.091938
22.709255 114.101660
22.709066 114.111383
22.708876 114.121106
22.708686 114.130828
22.708495 114.140551
22.707532 114.189161
22.707338 114.198883
22.707143 114.208605
22.706948 114.218326
22.706752 114.228048
22.706555 114.237769
22.706358 114.247491
22.706160 114.257212
22.705961 114.266933
22.705762 114.276654
22.705563 114.286375
22.705363 114.296095
22.705162 114.305816
22.704960 114.315536
22.704758 114.325257
22.704556 114.334977
22.704353 114.344697
22.704149 114.354417
22.703945 114.364137
22.703740 114.373857
22.703534 114.383577
22.703328 114.393296
22.703122 114.403016
22.702914 114.412735
22.702706 114.422454
22.702498 114.432174
22.702289 114.441893
22.724689 113.751756
22.724521 113.761483
22.724353 113.771210
22.724184 113.780936
22.724014 113.790663
22.723844 113.800390
22.723673 113.810116
22.723502 113.819842
22.723330 113.829569
22.723157 113.839295
22.722984 113.849021
22.722810 113.858747
22.722636 113.868473
22.722461 113.878198
22.722286 113.887924
22.722109 113.897650
22.721933 113.907375
22.721755 113.917100
22.721578 113.926826
22.721399 113.936551
22.721220 113.946276
22.721040 113.956001
22.720860 113.965726
22.720679 113.975451
22.720498 113.985175
22.720316 113.994900
22.720133 114.004624
22.719950 114.014349
22.719766 114.024073
22.719582 114.033797
22.719397 114.043521
22.719212 114.053245
22.719025 114.062969
22.718839 114.072693
22.718651 114.082417
22.718463 114.092140
22.718275 114.101864
22.718086 114.111587
22.717896 114.121311
22.717706 114.131034
22.717515 114.140757
22.716552 114.189371
22.716358 114.199093
22.716163 114.208815
22.715967 114.218537
22.715771 114.228260
22.715574 114.237982
22.715377 114.247704
22.715179 114.257425
22.714980 114.267147
22.714781 114.276869
22.714582 114.286590
22.714381 114.296311
22.714180 114.306033
22.713979 114.315754
22.713777 114.325475
22.713574 114.335196
22.713371 114.344916
22.713167 114.354637
22.712963 114.364358
22.712758 114.374078
22.712552 114.383799
22.712346 114.393519
22.712139 114.403239
22.711932 114.412959
22.711724 114.422679
22.733712 113.751937
22.733544 113.761664
22.733376 113.771392
22.733207 113.781119
22.733037 113.790846
22.732867 113.800573
22.732696 113.810300
22.732525 113.820027
22.732352 113.829754
22.732180 113.839481
22.732007 113.849208
22.731833 113.858934
22.731658 113.868661
22.731483 113.878387
22.731308 113.888114
22.731132 113.897840
22.730955 113.907566
22.730777 113.917292
22.730600 113.927018
22.730421 113.936744
22.730242 113.946469
22.730062 113.956195
22.729882 113.965921
22.729701 113.975646
22.729519 113.985371
22.729337 113.995097
22.729155 114.004822
22.728971 114.014547
22.728788 114.024272
22.728603 114.033996
22.728418 114.043721
22.728232 114.053446
22.728046 114.063170
22.727859 114.072895
22.727672 114.082619
22.727484 114.092343
22.727295 114.102067
22.727106 114.111791
22.725377 114.199303
22.725182 114.209026
22.724987 114.218749
22.724790 114.228471
22.724593 114.238194
22.724396 114.247917
22.724198 114.257639
22.723999 114.267361
22.723800 114.277084
22.723600 114.286806
22.723400 114.296528
22.723199 114.306250
22.722998 114.315971
22.722795 114.325693
22.722593 114.335414
22.722389 114.345136
22.722185 114.354857
22.721981 114.364578
22.721776 114.374300
22.721570 114.384021
22.721364 114.393741
22.721157 114.403462
22.720950 114.413183
22.742736 113.752117
22.742568 113.761846
22.742399 113.771574
22.742230 113.781302
22.742060 113.791030
22.741890 113.800757
22.741719 113.810485
22.741547 113.820213
22.741375 113.829940
22.741202 113.839668
22.741029 113.849395
22.740855 113.859122
22.740681 113.868849
22.740506 113.878576
22.740330 113.888303
22.740154 113.898030
22.739977 113.907757
22.739799 113.917484
22.739621 113.927210
22.739443 113.936937
22.739264 113.946663
22.739084 113.956389
22.738903 113.966115
22.738722 113.975841
22.738541 113.985567
22.738359 113.995293
22.738176 114.005019
22.737993 114.014745
22.737809 114.024470
22.737624 114.034196
22.737439 114.043921
22.737253 114.053646
22.737067 114.063371
22.736880 114.073097
22.736693 114.082821
22.736505 114.092546
22.736316 114.102271
22.734397 114.199513
22.734202 114.209236
22.734006 114.218960
22.733810 114.228683
22.733613 114.238407
22.733415 114.248130
22.733217 114.257853
22.733018 114.267576
22.732819 114.277299
22.732619 114.287021
22.732419 114.296744
22.732218 114.306467
22.732016 114.316189
22.731814 114.325911
22.731611 114.335633
22.731408 114.345355
22.731204 114.355077
22.730999 114.364799
22.730794 114.374521
22.730588 114.384243
22.730382 114.393964
22.730175 114.403686
22.751422 113.771756
22.751253 113.781484
22.751083 113.791213
22.750913 113.800941
22.750742 113.810670
22.750570 113.820398
22.750398 113.830126
22.750225 113.839854
22.750052 113.849582
22.749878 113.859310
22.749703 113.869038
22.749528 113.878765
22.749352 113.888493
22.749176 113.898220
22.748999 113.907948
22.748821 113.917675
22.748643 113.927402
22.748465 113.937129
22.748285 113.946856
22.748105 113.956583
22.747925 113.966310
22.747744 113.976037
22.747562 113.985763
22.747380 113.995490
22.747197 114.005216
22.747014 114.014943
22.746830 114.024669
22.746645 114.034395
22.746460 114.044121
22.746274 114.053847
22.746088 114.063573
22.745901 114.073298
22.745713 114.083024
22.745525 114.092749
22.743416 114.199723
22.743221 114.209447
22.743025 114.219171
22.742829 114.228895
22.742632 114.238619
22.742434 114.248343
22.742236 114.258067
22.742037 114.267790
22.741838 114.277514
22.741638 114.287237
22.741438 114.296960
22.741236 114.306684
22.741035 114.316407
22.740832 114.326130
22.740629 114.335852
22.740426 114.345575
22.740222 114.355298
22.740017 114.365020
22.739812 114.374743
22.739606 114.384465
22.739400 114.394187
22.739193 114.403909
22.738985 114.413631
22.760276 113.781667
22.760106 113.791396
22.759936 113.801125
22.759764 113.810854
22.759593 113.820583
22.759420 113.830312
22.759248 113.840041
22.759074 113.849769
22.758900 113.859498
22.758725 113.869226
22.758550 113.878955
22.758374 113.888683
22.758198 113.898411
22.758021 113.908139
22.757843 113.917867
22.757665 113.927595
22.757486 113.937322
22.757307 113.947050
22.757127 113.956778
22.756947 113.966505
22.756765 113.976232
22.756584 113.985960
22.756401 113.995687
22.756218 114.005414
22.756035 114.015141
22.755851 114.024868
22.755666 114.034594
22.755481 114.044321
22.755295 114.054048
22.755109 114.063774
22.754921 114.073500
22.754734 114.083227
22.752436 114.199933
22.752241 114.209658
22.752045 114.219383
22.751848 114.229107
22.751651 114.238832
22.751454 114.248556
22.751255 114.258281
22.751056 114.268005
22.750857 114.277729
22.750657 114.287453
22.750456 114.297177
22.750255 114.306901
22.750053 114.316625
22.749851 114.326348
22.749648 114.336072
22.749444 114.345795
22.749240 114.355518
22.749035 114.365241
22.748830 114.374964
22.748624 114.384687
22.748417 114.394410
22.748210 114.404133
22.748003 114.413855
22.769129 113.791580
22.768958 113.801310
22.768787 113.811039
22.768615 113.820769
22.768443 113.830498
22.768270 113.840228
22.768097 113.849957
22.767923 113.859686
22.767748 113.869415
22.767572 113.879144
22.767397 113.888873
22.767220 113.898602
22.767043 113.908330
22.766865 113.918059
22.766687 113.927787
22.766508 113.937516
22.766329 113.947244
22.766149 113.956972
22.765968 113.966700
22.765787 113.976428
22.765605 113.986156
22.765423 113.995884
22.765240 114.005611
22.765056 114.015339
22.764872 114.025066
22.764687 114.034794
22.764502 114.044521
22.761845 114.180692
22.761650 114.190418
22.761456 114.200144
22.761260 114.209869
22.761064 114.219594
22.760868 114.229320
22.760670 114.239045
22.760473 114.248770
22.760274 114.258495
22.760075 114.268220
22.759876 114.277945
22.759676 114.287669
22.759475 114.297394
22.759274 114.307118
22.759072 114.316842
22.758869 114.326567
22.758666 114.336291
22.758462 114.346015
22.758258 114.355739
22.758053 114.365462
22.757848 114.375186
22.757642 114.384910
22.757435 114.394633
22.757228 114.404356
22.757020 114.414079
22.778152 113.791764
22.777981 113.801494
22.777810 113.811224
22.777638 113.820954
22.777466 113.830684
22.777293 113.840414
22.777119 113.850144
22.776945 113.859874
22.776770 113.869604
22.776595 113.879333
22.776419 113.889063
22.776242 113.898792
22.776065 113.908522
22.775887 113.918251
22.775709 113.927980
22.775530 113.937709
22.775350 113.947438
22.775170 113.957167
22.774990 113.966895
22.774808 113.976624
22.774626 113.986352
22.774444 113.996081
22.773893 114.025265
22.773708 114.034993
22.773523 114.044721
22.771058 114.171175
22.770864 114.180901
22.770670 114.190628
22.770475 114.200354
22.770280 114.210080
22.770084 114.219806
22.769887 114.229532
22.769690 114.239258
22.769492 114.248984
22.769293 114.258709
22.769094 114.268435
22.768895 114.278160
22.768694 114.287885
22.768494 114.297611
22.768292 114.307336
22.768090 114.317061
22.767888 114.326785
22.767684 114.336510
22.767481 114.346235
22.767276 114.355959
22.767071 114.365684
22.766866 114.375408
22.766660 114.385132
22.766453 114.394856
22.766246 114.404580
22.766038 114.414304
22.787175 113.791947
22.787004 113.801678
22.786833 113.811409
22.786661 113.821140
22.786488 113.830871
22.786315 113.840601
22.786142 113.850332
22.785967 113.860062
22.785792 113.869793
22.785617 113.879523
22.785441 113.889253
22.785264 113.898983
22.785087 113.908713
22.784909 113.918443
22.784731 113.928173
22.784552 113.937902
22.784372 113.947632
22.784192 113.957361
22.784011 113.967091
22.783830 113.976820
22.783648 113.986549
22.783465 113.996278
22.780078 114.171384
22.779884 114.181111
22.779690 114.190838
22.779495 114.200565
22.779299 114.210291
22.779103 114.220018
22.778906 114.229745
22.778709 114.239471
22.778511 114.249197
22.778312 114.258924
22.778113 114.268650
22.777914 114.278376
22.777713 114.288102
22.777512 114.297827
22.777311 114.307553
22.777109 114.317279
22.776906 114.327004
22.776703 114.336730
22.776499 114.346455
22.776295 114.356180
22.775471 114.395079
22.775263 114.404804
22.775055 114.414528
22.795856 113.811594
22.795684 113.821326
22.795511 113.831057
22.795338 113.840788
22.795164 113.850520
22.794990 113.860251
22.794815 113.869982
22.794639 113.879712
22.794463 113.889443
22.794286 113.899174
22.794109 113.908904
22.793931 113.918635
22.793753 113.928365
22.793574 113.938096
22.793394 113.947826
22.793214 113.957556
22.793033 113.967286
22.792851 113.977016
22.792669 113.986746
22.788904 114.181320
22.788709 114.191048
22.788514 114.200775
22.788319 114.210503
22.788122 114.220230
22.787925 114.229957
22.787728 114.239684
22.787530 114.249411
22.787331 114.259138
22.787132 114.268865
22.786932 114.278591
22.786732 114.288318
22.786531 114.298044
22.786329 114.307771
22.786127 114.317497
22.785924 114.327223
22.785721 114.336949
22.785517 114.346675
22.784489 114.395303
22.784281 114.405028
22.804706 113.821512
22.804534 113.831244
22.804360 113.840976
22.804186 113.850707
22.804012 113.860439
22.803837 113.870171
22.803661 113.879902
22.803485 113.889634
22.803308 113.899365
22.803131 113.909096
22.802953 113.918827
22.802774 113.928558
22.802595 113.938289
22.802415 113.948020
22.802235 113.957751
22.802054 113.967481
22.801873 113.977212
22.801691 113.986942
22.797534 114.200986
22.797338 114.210714
22.797142 114.220442
22.796945 114.230170
22.796747 114.239898
22.796350 114.259353
22.796151 114.269080
22.795951 114.278807
22.795751 114.288535
22.795550 114.298262
22.795348 114.307989
22.795146 114.317715
22.794943 114.327442
22.794739 114.337169
22.794535 114.346895
22.813556 113.831430
22.813383 113.841163
22.813209 113.850895
22.813034 113.860628
22.812859 113.870360
22.812684 113.880092
22.812507 113.889824
22.812330 113.899556
22.812153 113.909288
22.811975 113.919020
22.811796 113.928751
22.811617 113.938483
22.811437 113.948214
22.811257 113.957946
22.811076 113.967677
22.810894 113.977408
22.806357 114.210925
22.806161 114.220654
22.805964 114.230383
22.805170 114.269295
22.804970 114.279023
22.804769 114.288751
22.804568 114.298479
22.804367 114.308206
22.804164 114.317934
22.803961 114.327661
22.803758 114.337389
22.803554 114.347116
22.822579 113.831617
22.822405 113.841350
22.822231 113.851083
22.822057 113.860816
22.821882 113.870549
22.821706 113.880282
22.821529 113.890015
22.821352 113.899747
22.821175 113.909480
22.820997 113.919212
22.820818 113.928944
22.820639 113.938676
22.820459 113.948409
22.820278 113.958141
22.820097 113.967872
22.815377 114.211137
22.815180 114.220866
22.814983 114.230595
22.813989 114.279239
22.813788 114.288968
22.813183 114.318153
22.812980 114.327881
22.812776 114.337609
22.812572 114.347336
22.831601 113.831804
22.831428 113.841538
22.831254 113.851271
22.831079 113.861005
22.830904 113.870738
22.830728 113.880472
22.830552 113.890205
22.830374 113.899938
22.830197 113.909671
22.830019 113.919405
22.829840 113.929137
22.829660 113.938870
22.829480 113.948603
22.840624 113.831991
22.840450 113.841725
22.840276 113.851459
22.840101 113.861194
22.839926 113.870928
22.839750 113.880662
22.839574 113.890396
22.839396 113.900130
22.839219 113.909863
22.839040 113.919597
22.838862 113.929331
22.849124 113.861383
22.848948 113.871117
22.848772 113.880852
22.848596 113.890587
22.848418 113.900321
22.848241 113.910056
22.848062 113.919790
22.847883 113.929524
22.857970 113.871307
22.857794 113.881042
22.857618 113.890778
22.857440 113.900513
22.866817 113.881233
22.866640 113.890969
